100 100
0 1 0 1 1 1 0 1 1 0 1 0 0 1 1 1 0 1 0 1 0 0 1 1 1 1 0 1 0 0 0 0 0 1 0 1 0 1 1 0 1 1 0 0 0 1 1 1 1 1 1 1 1 0 1 0 1 1 0 0 0 0 0 0 1 0 0 0 0 0 1 0 1 0 1 1 1 1 1 0 0 0 1 1 1 0 1 0 0 1 1 1 0 0 0 0 0 1 0 1
1 57
7 59
9 53
11 19
12 71
14 34
16 64
17 48
18 54
21 40
24 98
25 33
27 40
28 84
30 10
10 29
31 65
32 56
33 8
35 6
37 2
39 49
43 65
44 59
46 95
48 22
49 93
50 29
52 83
53 40
56 19
19 4
4 8
57 13
13 66
61 15
15 60
64 80
69 87
70 58
71 5
72 98
73 62
62 22
22 68
74 34
78 8
8 86
79 84
82 81
83 51
85 54
54 55
55 67
87 20
20 84
84 34
34 38
88 75
75 86
89 98
90 36
91 41
92 66
66 42
93 41
41 100
94 36
36 63
63 2
2 6
6 47
47 59
59 96
95 58
58 96
96 51
51 29
29 80
98 97
97 26
26 23
23 77
77 3
3 67
67 42
42 45
99 68
68 76
76 40
40 65
65 5
5 81
81 80
80 86
86 45
45 60
60 38
38 100
1 27
2 59
1 97
2 74
1 37
1 94
1 39
2 58
2 68
2 66
1 83
2 22
2 76
2 17
2 26
1 25
2 62
2 20
2 64
2 40
2 10
2 47
2 45
1 46
2 18
2 92
2 72
1 40
2 81
2 20
1 60
1 66
2 34
1 82
1 51
2 68
2 71
1 44
2 86
2 28
1 84
1 95
1 51
2 81
1 45
1 9
1 26
1 39
1 22
1 45
2 83
2 40
2 42
2 91
1 78
1 65
1 86
2 73
2 10
1 25
2 1
2 69
2 12
2 53
1 84
2 31
1 85
2 98
2 97
1 63
1 25
2 29
2 14
2 2
1 48
2 35
2 82
2 96
1 78
1 69
2 82
2 11
2 97
2 7
1 3
2 54
2 42
2 80
1 24
2 16
1 95
2 39
1 87
1 65
1 79
2 65
2 1
1 47
2 19
2 74
